
/*
00: -
01: 75
02: 95 03: 64
04: 17 05: 47 06: 82
07: 18 08: 35 09: 87 10: 10
11: 20 12: 04 13: 82 14: 47 15: 65
16: 19 17: 01 18: 23 19: 75 20: 03 21: 34
88 02 77 73 07 63 67
99 65 04 28 06 16 70 92
41 41 26 56 83 40 80 70 33
41 48 72 33 47 32 37 16 94 29
53 71 44 65 25 43 91 52 97 51 14
70 11 33 28 77 73 17 78 39 68 17 57
91 71 52 38 17 14 91 43 58 50 27 29 48
63 66 04 68 89 53 67 30 73 16 69 87 40 31
04 62 98 27 23 09 70 98 73 93 38 53 60 04 23

graph.addEdge(0, 1, 75);

graph.addEdge(1, 2, 95);
graph.addEdge(1, 3, 64);

graph.addEdge(2, 4, 17);
graph.addEdge(2, 5, 47);
graph.addEdge(3, 5, 47);
graph.addEdge(3, 6, 82);
*/


10: 3
8: 7 9: 4
5: 2 6: 4 7: 6
1: 8 2: 5 3: 9 4: 3

0 --(8)--> 1
0 --(5)--> 2
0 --(9)--> 3
0 --(3)--> 4
1 --(2)--> 5
2 --(2)--> 5
2 --(4)--> 6
3 --(4)--> 6
3 --(6)--> 7
4 --(6)--> 7
5 --(7)--> 8
6 --(7)--> 8
6 --(4)--> 9
7 --(4)--> 9
8 --(3)--> 10
9 --(3)--> 10
